Sorted order: x, numerical v, analytical u, error epsilon, time own algo, time LU algo, LU solution.
0 0.00903094 0 inf 0 0    0.0090
0.000999001 0.0179621 0.00894131 0.00884697 0 0    0.0179
0.001998 0.0267944 0.0177839 -0.679895 0 0    0.0267
0.002997 0.0355289 0.0265285 -1.08095 0 0    0.0354
0.003996 0.0441666 0.0351764 -1.36424 0 0    0.0440
0.004995 0.0527083 0.0437283 -1.58299 0 0    0.0525
0.00599401 0.0611551 0.0521853 -1.76093 0 0    0.0609
0.00699301 0.069508 0.0605483 -1.91071 0 0    0.0692
0.00799201 0.0777677 0.0688182 -2.03987 0 0    0.0774
0.00899101 0.0859354 0.076996 -2.15329 0 0    0.0855
0.00999001 0.0940118 0.0850827 -2.2543 0 0    0.0935
0.010989 0.101998 0.0930789 -2.34527 0 0    0.1015
0.011988 0.109895 0.100986 -2.42793 0 0    0.1093
0.012987 0.117703 0.108804 -2.50365 0 0    0.1171
0.013986 0.125423 0.116535 -2.57343 0 0    0.1248
0.014985 0.133057 0.124179 -2.63811 0 0    0.1324
0.015984 0.140605 0.131737 -2.69834 0 0    0.1399
0.016983 0.148068 0.13921 -2.75466 0 0    0.1473
0.017982 0.155446 0.146598 -2.80752 0 0    0.1546
0.018981 0.162741 0.153904 -2.8573 0 0    0.1619
0.01998 0.169954 0.161127 -2.90432 0 0    0.1691
0.020979 0.177085 0.168268 -2.94884 0 0    0.1762
0.021978 0.184135 0.175328 -2.99109 0 0    0.1832
0.022977 0.191105 0.182308 -3.03129 0 0    0.1901
0.023976 0.197995 0.189209 -3.06959 0 0    0.1970
0.024975 0.204807 0.196031 -3.10617 0 0    0.2037
0.025974 0.211542 0.202775 -3.14116 0 0    0.2104
0.026973 0.218199 0.209443 -3.17467 0 0    0.2171
0.027972 0.22478 0.216034 -3.20682 0 0    0.2236
0.028971 0.231286 0.22255 -3.23769 0 0    0.2301
0.02997 0.237717 0.228991 -3.26738 0 0    0.2365
0.030969 0.244074 0.235358 -3.29597 0 0    0.2428
0.031968 0.250358 0.241652 -3.32353 0 0    0.2491
0.032967 0.256569 0.247874 -3.35012 0 0    0.2552
0.033966 0.262709 0.254023 -3.3758 0 0    0.2613
0.034965 0.268777 0.260102 -3.40061 0 0    0.2674
0.035964 0.274775 0.26611 -3.42462 0 0    0.2733
0.036963 0.280704 0.272049 -3.44787 0 0    0.2792
0.037962 0.286563 0.277919 -3.47039 0 0    0.2851
0.038961 0.292355 0.28372 -3.49222 0 0    0.2908
0.03996 0.298078 0.289454 -3.51341 0 0    0.2965
0.040959 0.303735 0.295121 -3.53398 0 0    0.3022
0.041958 0.309325 0.300721 -3.55396 0 0    0.3077
0.042957 0.31485 0.306256 -3.57338 0 0    0.3132
0.043956 0.32031 0.311726 -3.59227 0 0    0.3187
0.044955 0.325706 0.317132 -3.61065 0 0    0.3240
0.045954 0.331037 0.322474 -3.62854 0 0    0.3293
0.046953 0.336306 0.327753 -3.64598 0 0    0.3346
0.047952 0.341513 0.33297 -3.66295 0 0    0.3397
0.048951 0.346658 0.338125 -3.67951 0 0    0.3449
0.04995 0.351741 0.343219 -3.69565 0 0    0.3499
0.0509491 0.356764 0.348252 -3.71141 0 0    0.3549
0.0519481 0.361727 0.353225 -3.72679 0 0    0.3599
0.0529471 0.366631 0.358139 -3.74179 0 0    0.3647
0.0539461 0.371476 0.362994 -3.75645 0 0    0.3696
0.0549451 0.376262 0.367791 -3.77079 0 0    0.3743
0.0559441 0.380991 0.37253 -3.78478 0 0    0.3790
0.0569431 0.385663 0.377212 -3.79847 0 0    0.3837
0.0579421 0.390279 0.381838 -3.81187 0 0    0.3883
0.0589411 0.394839 0.386407 -3.82496 0 0    0.3928
0.0599401 0.399343 0.390922 -3.83779 0 0    0.3973
0.0609391 0.403792 0.395382 -3.85034 0 0    0.4017
0.0619381 0.408188 0.399787 -3.86263 0 0    0.4061
0.0629371 0.412529 0.404139 -3.87466 0 0    0.4104
0.0639361 0.416817 0.408437 -3.88645 0 0    0.4147
0.0649351 0.421053 0.412683 -3.89801 0 0    0.4189
0.0659341 0.425237 0.416877 -3.90933 0 0    0.4231
0.0669331 0.429369 0.421019 -3.92043 0 0    0.4272
0.0679321 0.433449 0.42511 -3.93132 0 0    0.4312
0.0689311 0.43748 0.42915 -3.94199 0 0    0.4353
0.0699301 0.44146 0.43314 -3.95247 0 0    0.4392
0.0709291 0.44539 0.437081 -3.96275 0 0    0.4431
0.0719281 0.449272 0.440973 -3.97285 0 0    0.4470
0.0729271 0.453105 0.444816 -3.98274 0 0    0.4508
0.0739261 0.456889 0.448611 -3.99247 0 0    0.4546
0.0749251 0.460626 0.452358 -4.00202 0 0    0.4583
0.0759241 0.464316 0.456058 -4.01139 0 0    0.4620
0.0769231 0.467959 0.459711 -4.02061 0 0    0.4656
0.0779221 0.471556 0.463318 -4.02965 0 0    0.4692
0.0789211 0.475107 0.466879 -4.03855 0 0    0.4727
0.0799201 0.478613 0.470395 -4.04729 0 0    0.4762
0.0809191 0.482074 0.473866 -4.05588 0 0    0.4797
0.0819181 0.48549 0.477293 -4.06432 0 0    0.4831
0.0829171 0.488863 0.480676 -4.07263 0 0    0.4864
0.0839161 0.492192 0.484015 -4.08079 0 0    0.4897
0.0849151 0.495478 0.487311 -4.08883 0 0    0.4930
0.0859141 0.498721 0.490564 -4.09673 0 0    0.4962
0.0869131 0.501921 0.493775 -4.1045 0 0    0.4994
0.0879121 0.50508 0.496944 -4.11215 0 0    0.5026
0.0889111 0.508198 0.500072 -4.11967 0 0    0.5057
0.0899101 0.511275 0.503159 -4.12707 0 0    0.5087
0.0909091 0.514311 0.506205 -4.13436 0 0    0.5118
0.0919081 0.517306 0.509211 -4.14153 0 0    0.5147
0.0929071 0.520262 0.512177 -4.1486 0 0    0.5177
0.0939061 0.523179 0.515103 -4.15555 0 0    0.5206
0.0949051 0.526056 0.517991 -4.1624 0 0    0.5235
0.0959041 0.528895 0.52084 -4.16915 0 0    0.5263
0.0969031 0.531696 0.523651 -4.17579 0 0    0.5291
0.0979021 0.534458 0.526424 -4.18234 0 0    0.5318
0.0989011 0.537184 0.529159 -4.18879 0 0    0.5345
0.0999001 0.539872 0.531857 -4.19515 0 0    0.5372
0.100899 0.542523 0.534519 -4.20141 0 0    0.5399
0.101898 0.545138 0.537144 -4.20758 0 0    0.5425
0.102897 0.547717 0.539733 -4.21367 0 0    0.5450
0.103896 0.55026 0.542287 -4.21966 0 0    0.5476
0.104895 0.552768 0.544805 -4.22558 0 0    0.5501
0.105894 0.555241 0.547288 -4.2314 0 0    0.5525
0.106893 0.557679 0.549736 -4.23714 0 0    0.5550
0.107892 0.560084 0.552151 -4.24281 0 0    0.5573
0.108891 0.562454 0.554531 -4.24839 0 0    0.5597
0.10989 0.56479 0.556878 -4.2539 0 0    0.5620
0.110889 0.567094 0.559191 -4.25932 0 0    0.5643
0.111888 0.569364 0.561472 -4.26468 0 0    0.5666
0.112887 0.571602 0.56372 -4.26997 0 0    0.5688
0.113886 0.573807 0.565936 -4.27518 0 0    0.5710
0.114885 0.575981 0.568119 -4.28033 0 0    0.5732
0.115884 0.578123 0.570271 -4.2854 0 0    0.5753
0.116883 0.580234 0.572392 -4.29041 0 0    0.5774
0.117882 0.582313 0.574482 -4.29537 0 0    0.5795
0.118881 0.584362 0.576541 -4.30024 0 0    0.5815
0.11988 0.586381 0.57857 -4.30506 0 0    0.5836
0.120879 0.588369 0.580568 -4.30981 0 0    0.5855
0.121878 0.590328 0.582537 -4.3145 0 0    0.5875
0.122877 0.592257 0.584477 -4.31914 0 0    0.5894
0.123876 0.594157 0.586387 -4.3237 0 0    0.5913
0.124875 0.596028 0.588268 -4.32822 0 0    0.5932
0.125874 0.59787 0.59012 -4.33268 0 0    0.5950
0.126873 0.599684 0.591944 -4.33707 0 0    0.5968
0.127872 0.60147 0.593741 -4.34141 0 0    0.5986
0.128871 0.603228 0.595509 -4.3457 0 0    0.6003
0.12987 0.604959 0.59725 -4.34994 0 0    0.6021
0.130869 0.606662 0.598963 -4.35412 0 0    0.6038
0.131868 0.608339 0.60065 -4.35825 0 0    0.6054
0.132867 0.609989 0.60231 -4.36232 0 0    0.6071
0.133866 0.611612 0.603944 -4.36634 0 0    0.6087
0.134865 0.613209 0.605551 -4.37033 0 0    0.6103
0.135864 0.614781 0.607132 -4.37425 0 0    0.6119
0.136863 0.616326 0.608688 -4.37813 0 0    0.6134
0.137862 0.617847 0.610218 -4.38196 0 0    0.6149
0.138861 0.619342 0.611724 -4.38574 0 0    0.6164
0.13986 0.620812 0.613204 -4.38949 0 0    0.6179
0.140859 0.622258 0.61466 -4.39319 0 0    0.6193
0.141858 0.623679 0.616091 -4.39685 0 0    0.6207
0.142857 0.625076 0.617498 -4.40046 0 0    0.6221
0.143856 0.626449 0.618882 -4.40402 0 0    0.6235
0.144855 0.627799 0.620241 -4.40754 0 0    0.6248
0.145854 0.629125 0.621577 -4.41104 0 0    0.6262
0.146853 0.630428 0.62289 -4.41449 0 0    0.6275
0.147852 0.631707 0.62418 -4.4179 0 0    0.6287
0.148851 0.632964 0.625447 -4.42128 0 0    0.6300
0.14985 0.634199 0.626692 -4.42462 0 0    0.6312
0.150849 0.635411 0.627914 -4.42792 0 0    0.6324
0.151848 0.636601 0.629115 -4.43118 0 0    0.6336
0.152847 0.637769 0.630293 -4.43441 0 0    0.6348
0.153846 0.638916 0.63145 -4.43759 0 0    0.6359
0.154845 0.640041 0.632585 -4.44075 0 0    0.6371
0.155844 0.641145 0.633699 -4.44387 0 0    0.6382
0.156843 0.642228 0.634792 -4.44696 0 0    0.6392
0.157842 0.64329 0.635865 -4.45002 0 0    0.6403
0.158841 0.644332 0.636916 -4.45304 0 0    0.6413
0.15984 0.645353 0.637948 -4.45601 0 0    0.6424
0.160839 0.646354 0.638959 -4.45896 0 0    0.6434
0.161838 0.647335 0.63995 -4.46189 0 0    0.6443
0.162837 0.648297 0.640921 -4.46476 0 0    0.6453
0.163836 0.649238 0.641873 -4.46762 0 0    0.6462
0.164835 0.650161 0.642806 -4.47044 0 0    0.6472
0.165834 0.651064 0.643719 -4.47325 0 0    0.6481
0.166833 0.651948 0.644613 -4.47601 0 0    0.6490
0.167832 0.652813 0.645488 -4.47873 0 0    0.6498
0.168831 0.65366 0.646345 -4.48145 0 0    0.6507
0.16983 0.654488 0.647184 -4.48413 0 0    0.6515
0.170829 0.655298 0.648004 -4.48678 0 0    0.6523
0.171828 0.65609 0.648805 -4.4894 0 0    0.6531
0.172827 0.656864 0.64959 -4.49199 0 0    0.6539
0.173826 0.65762 0.650356 -4.49455 0 0    0.6546
0.174825 0.658359 0.651105 -4.4971 0 0    0.6554
0.175824 0.65908 0.651836 -4.49961 0 0    0.6561
0.176823 0.659784 0.65255 -4.50211 0 0    0.6568
0.177822 0.660471 0.653248 -4.50457 0 0    0.6575
0.178821 0.661142 0.653928 -4.50702 0 0    0.6581
0.17982 0.661795 0.654592 -4.50944 0 0    0.6588
0.180819 0.662432 0.655239 -4.51184 0 0    0.6594
0.181818 0.663053 0.655869 -4.51422 0 0    0.6600
0.182817 0.663657 0.656484 -4.51657 0 0    0.6607
0.183816 0.664245 0.657083 -4.5189 0 0    0.6612
0.184815 0.664818 0.657665 -4.5212 0 0    0.6618
0.185814 0.665375 0.658232 -4.52349 0 0    0.6624
0.186813 0.665916 0.658783 -4.52575 0 0    0.6629
0.187812 0.666442 0.659319 -4.52799 0 0    0.6634
0.188811 0.666952 0.65984 -4.53019 0 0    0.6640
0.18981 0.667448 0.660346 -4.53239 0 0    0.6644
0.190809 0.667928 0.660836 -4.53456 0 0    0.6649
0.191808 0.668394 0.661312 -4.53671 0 0    0.6654
0.192807 0.668845 0.661773 -4.53883 0 0    0.6658
0.193806 0.669281 0.66222 -4.54093 0 0    0.6663
0.194805 0.669704 0.662652 -4.54301 0 0    0.6667
0.195804 0.670112 0.66307 -4.54507 0 0    0.6671
0.196803 0.670505 0.663474 -4.54712 0 0    0.6675
0.197802 0.670885 0.663864 -4.54915 0 0    0.6679
0.198801 0.671251 0.66424 -4.55116 0 0    0.6683
0.1998 0.671604 0.664603 -4.55315 0 0    0.6686
0.200799 0.671943 0.664952 -4.55512 0 0    0.6690
0.201798 0.672268 0.665287 -4.55707 0 0    0.6693
0.202797 0.67258 0.66561 -4.559 0 0    0.6696
0.203796 0.67288 0.665919 -4.56091 0 0    0.6699
0.204795 0.673166 0.666215 -4.56282 0 0    0.6702
0.205794 0.673439 0.666499 -4.56468 0 0    0.6705
0.206793 0.673699 0.666769 -4.56654 0 0    0.6707
0.207792 0.673947 0.667027 -4.56838 0 0    0.6710
0.208791 0.674183 0.667273 -4.57021 0 0    0.6712
0.20979 0.674406 0.667506 -4.57201 0 0    0.6714
0.210789 0.674617 0.667727 -4.57381 0 0    0.6716
0.211788 0.674815 0.667935 -4.57558 0 0    0.6718
0.212787 0.675002 0.668132 -4.57734 0 0    0.6720
0.213786 0.675177 0.668317 -4.57909 0 0    0.6722
0.214785 0.67534 0.66849 -4.58082 0 0    0.6724
0.215784 0.675491 0.668651 -4.58254 0 0    0.6725
0.216783 0.675631 0.668801 -4.58424 0 0    0.6727
0.217782 0.675759 0.66894 -4.58593 0 0    0.6728
0.218781 0.675876 0.669067 -4.5876 0 0    0.6729
0.21978 0.675982 0.669183 -4.58926 0 0    0.6730
0.220779 0.676077 0.669288 -4.59089 0 0    0.6731
0.221778 0.676161 0.669382 -4.59252 0 0    0.6732
0.222777 0.676234 0.669465 -4.59412 0 0    0.6733
0.223776 0.676296 0.669537 -4.59573 0 0    0.6734
0.224775 0.676347 0.669599 -4.59731 0 0    0.6734
0.225774 0.676388 0.66965 -4.59888 0 0    0.6734
0.226773 0.676419 0.66969 -4.60045 0 0    0.6735
0.227772 0.676439 0.669721 -4.60198 0 0    0.6735
0.228771 0.676449 0.669741 -4.60352 0 0    0.6735
0.22977 0.676449 0.669751 -4.60504 0 0    0.6735
0.230769 0.676439 0.669751 -4.60655 0 0    0.6735
0.231768 0.676419 0.669741 -4.60805 0 0    0.6735
0.232767 0.676389 0.669721 -4.60953 0 0    0.6735
0.233766 0.676349 0.669691 -4.611 0 0    0.6734
0.234765 0.6763 0.669652 -4.61245 0 0    0.6734
0.235764 0.676241 0.669603 -4.61391 0 0    0.6733
0.236763 0.676173 0.669545 -4.61533 0 0    0.6733
0.237762 0.676095 0.669478 -4.61676 0 0    0.6732
0.238761 0.676008 0.669401 -4.61817 0 0    0.6731
0.23976 0.675912 0.669315 -4.61957 0 0    0.6730
0.240759 0.675807 0.66922 -4.62096 0 0    0.6729
0.241758 0.675693 0.669116 -4.62234 0 0    0.6728
0.242757 0.67557 0.669003 -4.62369 0 0    0.6727
0.243756 0.675438 0.668881 -4.62505 0 0    0.6725
0.244755 0.675298 0.668751 -4.6264 0 0    0.6724
0.245754 0.675149 0.668612 -4.62773 0 0    0.6723
0.246753 0.674991 0.668464 -4.62904 0 0    0.6721
0.247752 0.674825 0.668308 -4.63035 0 0    0.6719
0.248751 0.67465 0.668144 -4.63166 0 0    0.6718
0.24975 0.674467 0.667971 -4.63296 0 0    0.6716
0.250749 0.674276 0.66779 -4.63424 0 0    0.6714
0.251748 0.674077 0.667601 -4.63551 0 0    0.6712
0.252747 0.67387 0.667404 -4.63678 0 0    0.6710
0.253746 0.673655 0.667198 -4.63802 0 0    0.6708
0.254745 0.673432 0.666986 -4.63926 0 0    0.6706
0.255744 0.673201 0.666765 -4.64049 0 0    0.6704
0.256743 0.672962 0.666536 -4.64172 0 0    0.6701
0.257742 0.672716 0.6663 -4.64292 0 0    0.6699
0.258741 0.672462 0.666056 -4.64413 0 0    0.6696
0.25974 0.672201 0.665805 -4.64532 0 0    0.6694
0.260739 0.671932 0.665546 -4.64651 0 0    0.6691
0.261738 0.671656 0.66528 -4.64768 0 0    0.6688
0.262737 0.671372 0.665007 -4.64884 0 0    0.6685
0.263736 0.671082 0.664726 -4.64998 0 0    0.6683
0.264735 0.670784 0.664438 -4.65114 0 0    0.6680
0.265734 0.670479 0.664143 -4.65227 0 0    0.6677
0.266733 0.670167 0.663842 -4.65341 0 0    0.6674
0.267732 0.669849 0.663533 -4.65452 0 0    0.6670
0.268731 0.669523 0.663217 -4.65563 0 0    0.6667
0.26973 0.669191 0.662895 -4.65674 0 0    0.6664
0.270729 0.668852 0.662566 -4.65783 0 0    0.6661
0.271728 0.668506 0.66223 -4.65892 0 0    0.6657
0.272727 0.668153 0.661888 -4.66 0 0    0.6654
0.273726 0.667795 0.661539 -4.66106 0 0    0.6650
0.274725 0.667429 0.661183 -4.66213 0 0    0.6646
0.275724 0.667057 0.660822 -4.66319 0 0    0.6643
0.276723 0.666679 0.660454 -4.66424 0 0    0.6639
0.277722 0.666295 0.660079 -4.66527 0 0    0.6635
0.278721 0.665904 0.659699 -4.66631 0 0    0.6631
0.27972 0.665508 0.659312 -4.66733 0 0    0.6627
0.280719 0.665105 0.658919 -4.66835 0 0    0.6623
0.281718 0.664696 0.65852 -4.66936 0 0    0.6619
0.282717 0.664281 0.658116 -4.67036 0 0    0.6615
0.283716 0.663861 0.657705 -4.67136 0 0    0.6611
0.284715 0.663434 0.657288 -4.67235 0 0    0.6607
0.285714 0.663002 0.656866 -4.67334 0 0    0.6603
0.286713 0.662564 0.656438 -4.67431 0 0    0.6598
0.287712 0.66212 0.656004 -4.67528 0 0    0.6594
0.288711 0.661671 0.655565 -4.67624 0 0    0.6589
0.28971 0.661216 0.65512 -4.6772 0 0    0.6585
0.290709 0.660755 0.65467 -4.67815 0 0    0.6580
0.291708 0.66029 0.654214 -4.6791 0 0    0.6576
0.292707 0.659818 0.653752 -4.68004 0 0    0.6571
0.293706 0.659342 0.653286 -4.68096 0 0    0.6566
0.294705 0.65886 0.652814 -4.68189 0 0    0.6562
0.295704 0.658373 0.652337 -4.6828 0 0    0.6557
0.296703 0.657881 0.651854 -4.68371 0 0    0.6552
0.297702 0.657383 0.651367 -4.68462 0 0    0.6547
0.298701 0.656881 0.650874 -4.68552 0 0    0.6542
0.2997 0.656373 0.650377 -4.68641 0 0    0.6537
0.300699 0.655861 0.649874 -4.6873 0 0    0.6532
0.301698 0.655343 0.649367 -4.68819 0 0    0.6527
0.302697 0.654821 0.648854 -4.68907 0 0    0.6521
0.303696 0.654293 0.648337 -4.68995 0 0    0.6516
0.304695 0.653762 0.647815 -4.69082 0 0    0.6511
0.305694 0.653225 0.647288 -4.69168 0 0    0.6506
0.306693 0.652683 0.646757 -4.69255 0 0    0.6500
0.307692 0.652137 0.646221 -4.69339 0 0    0.6495
0.308691 0.651587 0.64568 -4.69425 0 0    0.6489
0.30969 0.651031 0.645135 -4.69508 0 0    0.6484
0.310689 0.650472 0.644585 -4.69593 0 0    0.6478
0.311688 0.649908 0.644031 -4.69675 0 0    0.6473
0.312687 0.649339 0.643472 -4.69759 0 0    0.6467
0.313686 0.648766 0.642909 -4.69841 0 0    0.6461
0.314685 0.648189 0.642342 -4.69924 0 0    0.6456
0.315684 0.647607 0.64177 -4.70005 0 0    0.6450
0.316683 0.647021 0.641194 -4.70086 0 0    0.6444
0.317682 0.646431 0.640614 -4.70166 0 0    0.6438
0.318681 0.645837 0.64003 -4.70246 0 0    0.6432
0.31968 0.645238 0.639441 -4.70327 0 0    0.6426
0.320679 0.644636 0.638849 -4.70405 0 0    0.6420
0.321678 0.64403 0.638252 -4.70483 0 0    0.6414
0.322677 0.643419 0.637652 -4.7056 0 0    0.6408
0.323676 0.642805 0.637048 -4.70637 0 0    0.6402
0.324675 0.642187 0.636439 -4.70712 0 0    0.6396
0.325674 0.641564 0.635827 -4.70787 0 0    0.6390
0.326673 0.640939 0.635211 -4.70862 0 0    0.6384
0.327672 0.640309 0.634591 -4.70937 0 0    0.6377
0.328671 0.639675 0.633967 -4.71011 0 0    0.6371
0.32967 0.639038 0.63334 -4.71083 0 0    0.6365
0.330669 0.638397 0.632709 -4.71158 0 0    0.6358
0.331668 0.637752 0.632074 -4.71232 0 0    0.6352
0.332667 0.637104 0.631435 -4.71305 0 0    0.6345
0.333666 0.636452 0.630793 -4.71379 0 0    0.6339
0.334665 0.635797 0.630148 -4.7145 0 0    0.6332
0.335664 0.635138 0.629499 -4.71522 0 0    0.6326
0.336663 0.634475 0.628846 -4.71594 0 0    0.6319
0.337662 0.63381 0.62819 -4.71666 0 0    0.6313
0.338661 0.63314 0.627531 -4.71736 0 0    0.6306
0.33966 0.632468 0.626868 -4.71806 0 0    0.6299
0.340659 0.631792 0.626202 -4.71876 0 0    0.6293
0.341658 0.631112 0.625533 -4.71947 0 0    0.6286
0.342657 0.63043 0.62486 -4.72017 0 0    0.6279
0.343656 0.629744 0.624184 -4.72086 0 0    0.6272
0.344655 0.629055 0.623505 -4.72154 0 0    0.6265
0.345654 0.628363 0.622823 -4.72223 0 0    0.6259
0.346653 0.627668 0.622137 -4.72292 0 0    0.6252
0.347652 0.626969 0.621449 -4.7236 0 0    0.6245
0.348651 0.626268 0.620757 -4.72428 0 0    0.6238
0.34965 0.625563 0.620062 -4.72495 0 0    0.6231
0.350649 0.624855 0.619365 -4.72562 0 0    0.6224
0.351648 0.624145 0.618664 -4.7263 0 0    0.6217
0.352647 0.623431 0.61796 -4.72696 0 0    0.6210
0.353646 0.622715 0.617254 -4.72763 0 0    0.6202
0.354645 0.621995 0.616544 -4.72829 0 0    0.6195
0.355644 0.621273 0.615832 -4.72897 0 0    0.6188
0.356643 0.620548 0.615116 -4.72962 0 0    0.6181
0.357642 0.61982 0.614398 -4.73027 0 0    0.6174
0.358641 0.619089 0.613677 -4.73093 0 0    0.6166
0.35964 0.618355 0.612954 -4.73158 0 0    0.6159
0.360639 0.617619 0.612227 -4.73223 0 0    0.6152
0.361638 0.61688 0.611498 -4.73287 0 0    0.6144
0.362637 0.616139 0.610767 -4.73353 0 0    0.6137
0.363636 0.615394 0.610032 -4.73416 0 0    0.6130
0.364635 0.614647 0.609295 -4.73481 0 0    0.6122
0.365634 0.613898 0.608555 -4.73545 0 0    0.6115
0.366633 0.613146 0.607813 -4.73609 0 0    0.6107
0.367632 0.612391 0.607068 -4.73672 0 0    0.6100
0.368631 0.611634 0.606321 -4.73736 0 0    0.6092
0.36963 0.610874 0.605571 -4.73798 0 0    0.6085
0.370629 0.610112 0.604819 -4.73862 0 0    0.6077
0.371628 0.609347 0.604064 -4.73924 0 0    0.6069
0.372627 0.60858 0.603307 -4.73988 0 0    0.6062
0.373626 0.60781 0.602548 -4.7405 0 0    0.6054
0.374625 0.607039 0.601786 -4.74112 0 0    0.6047
0.375624 0.606264 0.601021 -4.74174 0 0    0.6039
0.376623 0.605488 0.600255 -4.74237 0 0    0.6031
0.377622 0.604709 0.599486 -4.74299 0 0    0.6023
0.378621 0.603928 0.598714 -4.74359 0 0    0.6016
0.37962 0.603144 0.597941 -4.74421 0 0    0.6008
0.380619 0.602359 0.597165 -4.74484 0 0    0.6000
0.381618 0.601571 0.596387 -4.74545 0 0    0.5992
0.382617 0.60078 0.595607 -4.74607 0 0    0.5984
0.383616 0.599988 0.594825 -4.74667 0 0    0.5976
0.384615 0.599194 0.59404 -4.74728 0 0    0.5968
0.385614 0.598397 0.593254 -4.74788 0 0    0.5961
0.386613 0.597599 0.592465 -4.74848 0 0    0.5953
0.387612 0.596798 0.591674 -4.74908 0 0    0.5945
0.388611 0.595995 0.590881 -4.74969 0 0    0.5937
0.38961 0.59519 0.590086 -4.75029 0 0    0.5929
0.390609 0.594383 0.589289 -4.75089 0 0    0.5921
0.391608 0.593574 0.58849 -4.75148 0 0    0.5913
0.392607 0.592763 0.587689 -4.75206 0 0    0.5904
0.393606 0.591951 0.586887 -4.75267 0 0    0.5896
0.394605 0.591136 0.586082 -4.75326 0 0    0.5888
0.395604 0.590319 0.585275 -4.75384 0 0    0.5880
0.396603 0.5895 0.584466 -4.75442 0 0    0.5872
0.397602 0.58868 0.583656 -4.755 0 0    0.5864
0.398601 0.587858 0.582843 -4.75559 0 0    0.5856
0.3996 0.587033 0.582029 -4.75619 0 0    0.5847
0.400599 0.586207 0.581213 -4.75677 0 0    0.5839
0.401598 0.585379 0.580395 -4.75734 0 0    0.5831
0.402597 0.58455 0.579575 -4.75793 0 0    0.5823
0.403596 0.583718 0.578753 -4.75851 0 0    0.5814
0.404595 0.582885 0.57793 -4.7591 0 0    0.5806
0.405594 0.58205 0.577105 -4.75968 0 0    0.5798
0.406593 0.581213 0.576278 -4.76027 0 0    0.5790
0.407592 0.580374 0.57545 -4.76086 0 0    0.5781
0.408591 0.579534 0.574619 -4.76144 0 0    0.5773
0.40959 0.578692 0.573788 -4.76203 0 0    0.5764
0.410589 0.577849 0.572954 -4.76262 0 0    0.5756
0.411588 0.577004 0.572119 -4.76321 0 0    0.5748
0.412587 0.576157 0.571282 -4.7638 0 0    0.5739
0.413586 0.575308 0.570444 -4.76439 0 0    0.5731
0.414585 0.574458 0.569604 -4.76497 0 0    0.5722
0.415584 0.573607 0.568762 -4.76556 0 0    0.5714
0.416583 0.572753 0.567919 -4.76614 0 0    0.5705
0.417582 0.571899 0.567074 -4.76673 0 0    0.5697
0.418581 0.571042 0.566228 -4.76731 0 0    0.5688
0.41958 0.570185 0.56538 -4.7679 0 0    0.5680
0.420579 0.569325 0.564531 -4.76849 0 0    0.5671
0.421578 0.568465 0.56368 -4.76908 0 0    0.5663
0.422577 0.567602 0.562828 -4.76966 0 0    0.5654
0.423576 0.566739 0.561974 -4.77024 0 0    0.5645
0.424575 0.565874 0.561119 -4.77083 0 0    0.5637
0.425574 0.565007 0.560262 -4.77141 0 0    0.5628
0.426573 0.564139 0.559404 -4.77198 0 0    0.5620
0.427572 0.56327 0.558545 -4.77257 0 0    0.5611
0.428571 0.562399 0.557684 -4.77315 0 0    0.5602
0.42957 0.561527 0.556822 -4.77374 0 0    0.5594
0.430569 0.560653 0.555959 -4.77431 0 0    0.5585
0.431568 0.559778 0.555094 -4.7749 0 0    0.5576
0.432567 0.558902 0.554228 -4.77549 0 0    0.5567
0.433566 0.558024 0.55336 -4.77607 0 0    0.5559
0.434565 0.557146 0.552491 -4.77666 0 0    0.5550
0.435564 0.556265 0.551621 -4.77724 0 0    0.5541
0.436563 0.555384 0.55075 -4.7778 0 0    0.5532
0.437562 0.554501 0.549877 -4.77839 0 0    0.5524
0.438561 0.553617 0.549003 -4.77897 0 0    0.5515
0.43956 0.552732 0.548128 -4.77955 0 0    0.5506
0.440559 0.551846 0.547252 -4.78013 0 0    0.5497
0.441558 0.550958 0.546374 -4.7807 0 0    0.5488
0.442557 0.550069 0.545495 -4.78128 0 0    0.5479
0.443556 0.549179 0.544615 -4.78187 0 0    0.5471
0.444555 0.548288 0.543734 -4.78245 0 0    0.5462
0.445554 0.547396 0.542852 -4.78302 0 0    0.5453
0.446553 0.546502 0.541968 -4.7836 0 0    0.5444
0.447552 0.545608 0.541084 -4.78419 0 0    0.5435
0.448551 0.544712 0.540198 -4.78477 0 0    0.5426
0.44955 0.543815 0.539311 -4.78535 0 0    0.5417
0.450549 0.542917 0.538423 -4.78592 0 0    0.5408
0.451548 0.542018 0.537534 -4.78652 0 0    0.5399
0.452547 0.541117 0.536644 -4.78708 0 0    0.5390
0.453546 0.540216 0.535752 -4.78766 0 0    0.5381
0.454545 0.539314 0.53486 -4.78825 0 0    0.5372
0.455544 0.53841 0.533966 -4.78884 0 0    0.5363
0.456543 0.537506 0.533072 -4.78944 0 0    0.5354
0.457542 0.5366 0.532176 -4.79002 0 0    0.5345
0.458541 0.535693 0.53128 -4.79061 0 0    0.5336
0.45954 0.534786 0.530382 -4.79119 0 0    0.5327
0.460539 0.533877 0.529484 -4.79177 0 0    0.5318
0.461538 0.532968 0.528584 -4.79237 0 0    0.5309
0.462537 0.532057 0.527684 -4.79295 0 0    0.5300
0.463536 0.531145 0.526782 -4.79353 0 0    0.5291
0.464535 0.530233 0.52588 -4.79413 0 0    0.5282
0.465534 0.529319 0.524976 -4.7947 0 0    0.5273
0.466533 0.528405 0.524072 -4.79529 0 0    0.5264
0.467532 0.52749 0.523166 -4.79589 0 0    0.5254
0.468531 0.526573 0.52226 -4.79648 0 0    0.5245
0.46953 0.525656 0.521353 -4.79705 0 0    0.5236
0.470529 0.524738 0.520445 -4.79764 0 0    0.5227
0.471528 0.523819 0.519536 -4.79821 0 0    0.5218
0.472527 0.522899 0.518626 -4.7988 0 0    0.5209
0.473526 0.521978 0.517715 -4.7994 0 0    0.5200
0.474525 0.521056 0.516803 -4.79997 0 0    0.5190
0.475524 0.520134 0.515891 -4.80056 0 0    0.5181
0.476523 0.51921 0.514977 -4.80116 0 0    0.5172
0.477522 0.518286 0.514063 -4.80175 0 0    0.5163
0.478521 0.517361 0.513148 -4.80235 0 0    0.5154
0.47952 0.516435 0.512232 -4.80295 0 0    0.5144
0.480519 0.515508 0.511315 -4.80354 0 0    0.5135
0.481518 0.514581 0.510398 -4.80413 0 0    0.5126
0.482517 0.513652 0.509479 -4.80473 0 0    0.5117
0.483516 0.512723 0.50856 -4.80533 0 0    0.5107
0.484515 0.511793 0.50764 -4.80592 0 0    0.5098
0.485514 0.510862 0.506719 -4.80652 0 0    0.5089
0.486513 0.509931 0.505798 -4.80712 0 0    0.5080
0.487512 0.508999 0.504875 -4.80771 0 0    0.5070
0.488511 0.508065 0.503952 -4.80832 0 0    0.5061
0.48951 0.507132 0.503029 -4.80893 0 0    0.5052
0.490509 0.506197 0.502104 -4.80953 0 0    0.5042
0.491508 0.505262 0.501179 -4.81014 0 0    0.5033
0.492507 0.504326 0.500253 -4.81073 0 0    0.5024
0.493506 0.503389 0.499326 -4.81134 0 0    0.5014
0.494505 0.502451 0.498398 -4.81194 0 0    0.5005
0.495504 0.501513 0.49747 -4.81255 0 0    0.4996
0.496503 0.500574 0.496541 -4.81316 0 0    0.4986
0.497502 0.499635 0.495612 -4.81377 0 0    0.4977
0.498501 0.498694 0.494681 -4.81439 0 0    0.4968
0.4995 0.497753 0.49375 -4.815 0 0    0.4958
0.5005 0.496812 0.492819 -4.81563 0 0    0.4949
0.501499 0.495869 0.491887 -4.81624 0 0    0.4939
0.502498 0.494926 0.490954 -4.81686 0 0    0.4930
0.503497 0.493983 0.49002 -4.81748 0 0    0.4921
0.504496 0.493039 0.489086 -4.8181 0 0    0.4911
0.505495 0.492094 0.488151 -4.81871 0 0    0.4902
0.506494 0.491148 0.487215 -4.81935 0 0    0.4892
0.507493 0.490202 0.486279 -4.81998 0 0    0.4883
0.508492 0.489255 0.485342 -4.82059 0 0    0.4873
0.509491 0.488308 0.484405 -4.82123 0 0    0.4864
0.51049 0.487359 0.483467 -4.82185 0 0    0.4855
0.511489 0.486411 0.482528 -4.82249 0 0    0.4845
0.512488 0.485462 0.481589 -4.82312 0 0    0.4836
0.513487 0.484512 0.480649 -4.82376 0 0    0.4826
0.514486 0.483561 0.479708 -4.82438 0 0    0.4817
0.515485 0.48261 0.478768 -4.82503 0 0    0.4807
0.516484 0.481659 0.477826 -4.82566 0 0    0.4798
0.517483 0.480706 0.476884 -4.82631 0 0    0.4788
0.518482 0.479754 0.475941 -4.82696 0 0    0.4779
0.519481 0.4788 0.474998 -4.82759 0 0    0.4769
0.52048 0.477847 0.474054 -4.82824 0 0    0.4760
0.521479 0.476892 0.47311 -4.82888 0 0    0.4750
0.522478 0.475937 0.472165 -4.82954 0 0    0.4741
0.523477 0.474982 0.471219 -4.83018 0 0    0.4731
0.524476 0.474026 0.470273 -4.83084 0 0    0.4722
0.525475 0.473069 0.469327 -4.83149 0 0    0.4712
0.526474 0.472112 0.46838 -4.83214 0 0    0.4703
0.527473 0.471155 0.467432 -4.8328 0 0    0.4693
0.528472 0.470197 0.466484 -4.83346 0 0    0.4684
0.529471 0.469238 0.465535 -4.83413 0 0    0.4674
0.53047 0.468279 0.464586 -4.8348 0 0    0.4664
0.531469 0.467319 0.463637 -4.83547 0 0    0.4655
0.532468 0.466359 0.462687 -4.83613 0 0    0.4645
0.533467 0.465399 0.461736 -4.83681 0 0    0.4636
0.534466 0.464438 0.460785 -4.83748 0 0    0.4626
0.535465 0.463476 0.459834 -4.83817 0 0    0.4617
0.536464 0.462514 0.458882 -4.83883 0 0    0.4607
0.537463 0.461552 0.457929 -4.83952 0 0    0.4597
0.538462 0.460589 0.456976 -4.8402 0 0    0.4588
0.539461 0.459625 0.456023 -4.84091 0 0    0.4578
0.54046 0.458662 0.455069 -4.8416 0 0    0.4569
0.541459 0.457697 0.454115 -4.84229 0 0    0.4559
0.542458 0.456733 0.45316 -4.84298 0 0    0.4549
0.543457 0.455767 0.452205 -4.84368 0 0    0.4540
0.544456 0.454802 0.451249 -4.84439 0 0    0.4530
0.545455 0.453836 0.450293 -4.84508 0 0    0.4520
0.546454 0.452869 0.449337 -4.84579 0 0    0.4511
0.547453 0.451902 0.44838 -4.84648 0 0    0.4501
0.548452 0.450935 0.447423 -4.84721 0 0    0.4491
0.549451 0.449967 0.446465 -4.84791 0 0    0.4482
0.55045 0.448999 0.445507 -4.84865 0 0    0.4472
0.551449 0.448031 0.444549 -4.84937 0 0    0.4463
0.552448 0.447062 0.44359 -4.85008 0 0    0.4453
0.553447 0.446093 0.44263 -4.85081 0 0    0.4443
0.554446 0.445123 0.441671 -4.85154 0 0    0.4434
0.555445 0.444153 0.44071 -4.85228 0 0    0.4424
0.556444 0.443182 0.43975 -4.85301 0 0    0.4414
0.557443 0.442211 0.438789 -4.85375 0 0    0.4404
0.558442 0.44124 0.437828 -4.85448 0 0    0.4395
0.559441 0.440268 0.436866 -4.85524 0 0    0.4385
0.56044 0.439296 0.435904 -4.85598 0 0    0.4375
0.561439 0.438324 0.434942 -4.85674 0 0    0.4366
0.562438 0.437351 0.433979 -4.8575 0 0    0.4356
0.563437 0.436378 0.433016 -4.85825 0 0    0.4346
0.564436 0.435405 0.432053 -4.85901 0 0    0.4337
0.565435 0.434431 0.431089 -4.85977 0 0    0.4327
0.566434 0.433457 0.430125 -4.86055 0 0    0.4317
0.567433 0.432482 0.42916 -4.8613 0 0    0.4307
0.568432 0.431507 0.428195 -4.86207 0 0    0.4298
0.569431 0.430532 0.42723 -4.86284 0 0    0.4288
0.57043 0.429556 0.426265 -4.86363 0 0    0.4278
0.571429 0.428581 0.425299 -4.86441 0 0    0.4269
0.572428 0.427604 0.424333 -4.8652 0 0    0.4259
0.573427 0.426628 0.423366 -4.86599 0 0    0.4249
0.574426 0.425651 0.422399 -4.86677 0 0    0.4239
0.575425 0.424674 0.421432 -4.86758 0 0    0.4230
0.576424 0.423696 0.420465 -4.86837 0 0    0.4220
0.577423 0.422719 0.419497 -4.86918 0 0    0.4210
0.578422 0.421741 0.418529 -4.86997 0 0    0.4200
0.579421 0.420762 0.417561 -4.87079 0 0    0.4191
0.58042 0.419783 0.416592 -4.8716 0 0    0.4181
0.581419 0.418804 0.415623 -4.87242 0 0    0.4171
0.582418 0.417825 0.414654 -4.87323 0 0    0.4161
0.583417 0.416846 0.413684 -4.87406 0 0    0.4152
0.584416 0.415866 0.412714 -4.87488 0 0    0.4142
0.585415 0.414885 0.411744 -4.8757 0 0    0.4132
0.586414 0.413905 0.410774 -4.87655 0 0    0.4122
0.587413 0.412924 0.409803 -4.87738 0 0    0.4112
0.588412 0.411943 0.408832 -4.87822 0 0    0.4103
0.589411 0.410962 0.407861 -4.87906 0 0    0.4093
0.59041 0.40998 0.406889 -4.87992 0 0    0.4083
0.591409 0.408999 0.405917 -4.88075 0 0    0.4073
0.592408 0.408016 0.404945 -4.88163 0 0    0.4063
0.593407 0.407034 0.403973 -4.88247 0 0    0.4054
0.594406 0.406051 0.403 -4.88336 0 0    0.4044
0.595405 0.405068 0.402027 -4.88421 0 0    0.4034
0.596404 0.404085 0.401054 -4.88508 0 0    0.4024
0.597403 0.403102 0.400081 -4.88596 0 0    0.4014
0.598402 0.402118 0.399107 -4.88683 0 0    0.4005
0.599401 0.401134 0.398133 -4.88773 0 0    0.3995
0.6004 0.40015 0.397159 -4.88861 0 0    0.3985
0.601399 0.399166 0.396184 -4.88952 0 0    0.3975
0.602398 0.398181 0.39521 -4.8904 0 0    0.3965
0.603397 0.397196 0.394235 -4.89132 0 0    0.3956
0.604396 0.396211 0.39326 -4.89221 0 0    0.3946
0.605395 0.395226 0.392284 -4.89314 0 0    0.3936
0.606394 0.39424 0.391309 -4.89405 0 0    0.3926
0.607393 0.393254 0.390333 -4.89499 0 0    0.3916
0.608392 0.392268 0.389357 -4.89592 0 0    0.3906
0.609391 0.391282 0.38838 -4.89684 0 0    0.3897
0.61039 0.390295 0.387404 -4.89778 0 0    0.3887
0.611389 0.389308 0.386427 -4.89872 0 0    0.3877
0.612388 0.388321 0.38545 -4.89967 0 0    0.3867
0.613387 0.387334 0.384473 -4.90061 0 0    0.3857
0.614386 0.386347 0.383496 -4.90158 0 0    0.3847
0.615385 0.385359 0.382518 -4.90254 0 0    0.3837
0.616384 0.384371 0.38154 -4.90352 0 0    0.3828
0.617383 0.383383 0.380562 -4.90447 0 0    0.3818
0.618382 0.382395 0.379584 -4.90547 0 0    0.3808
0.619381 0.381407 0.378605 -4.90645 0 0    0.3798
0.62038 0.380418 0.377627 -4.90745 0 0    0.3788
0.621379 0.379429 0.376648 -4.90845 0 0    0.3778
0.622378 0.37844 0.375669 -4.90944 0 0    0.3768
0.623377 0.377451 0.37469 -4.91045 0 0    0.3759
0.624376 0.376461 0.37371 -4.91144 0 0    0.3749
0.625375 0.375472 0.372731 -4.91248 0 0    0.3739
0.626374 0.374482 0.371751 -4.91349 0 0    0.3729
0.627373 0.373492 0.370771 -4.91453 0 0    0.3719
0.628372 0.372502 0.36979 -4.91556 0 0    0.3709
0.629371 0.371511 0.36881 -4.91661 0 0    0.3699
0.63037 0.370521 0.367829 -4.91765 0 0    0.3689
0.631369 0.36953 0.366849 -4.9187 0 0    0.3680
0.632368 0.368539 0.365868 -4.91976 0 0    0.3670
0.633367 0.367548 0.364887 -4.92082 0 0    0.3660
0.634366 0.366556 0.363905 -4.9219 0 0    0.3650
0.635365 0.365565 0.362924 -4.92297 0 0    0.3640
0.636364 0.364573 0.361942 -4.92406 0 0    0.3630
0.637363 0.363581 0.36096 -4.92515 0 0    0.3620
0.638362 0.362589 0.359978 -4.92625 0 0    0.3610
0.639361 0.361597 0.358996 -4.92735 0 0    0.3600
0.64036 0.360605 0.358014 -4.92846 0 0    0.3591
0.641359 0.359613 0.357031 -4.9296 0 0    0.3581
0.642358 0.35862 0.356049 -4.93071 0 0    0.3571
0.643357 0.357627 0.355066 -4.93186 0 0    0.3561
0.644356 0.356634 0.354083 -4.93299 0 0    0.3551
0.645355 0.355641 0.3531 -4.93414 0 0    0.3541
0.646354 0.354648 0.352116 -4.93529 0 0    0.3531
0.647353 0.353654 0.351133 -4.93647 0 0    0.3521
0.648352 0.35266 0.350149 -4.93762 0 0    0.3511
0.649351 0.351667 0.349166 -4.93883 0 0    0.3501
0.65035 0.350673 0.348182 -4.94001 0 0    0.3491
0.651349 0.349679 0.347198 -4.94122 0 0    0.3481
0.652348 0.348684 0.346213 -4.94243 0 0    0.3472
0.653347 0.34769 0.345229 -4.94363 0 0    0.3462
0.654346 0.346696 0.344245 -4.94486 0 0    0.3452
0.655345 0.345701 0.34326 -4.94607 0 0    0.3442
0.656344 0.344706 0.342275 -4.94732 0 0    0.3432
0.657343 0.343711 0.34129 -4.94856 0 0    0.3422
0.658342 0.342716 0.340305 -4.94982 0 0    0.3412
0.659341 0.341721 0.33932 -4.95107 0 0    0.3402
0.66034 0.340725 0.338335 -4.95236 0 0    0.3392
0.661339 0.33973 0.337349 -4.95362 0 0    0.3382
0.662338 0.338734 0.336363 -4.95493 0 0    0.3372
0.663337 0.337739 0.335378 -4.95624 0 0    0.3362
0.664336 0.336743 0.334392 -4.95752 0 0    0.3352
0.665335 0.335747 0.333406 -4.95885 0 0    0.3342
0.666334 0.334751 0.33242 -4.96016 0 0    0.3333
0.667333 0.333754 0.331433 -4.96152 0 0    0.3323
0.668332 0.332758 0.330447 -4.96285 0 0    0.3313
0.669331 0.331761 0.329461 -4.96421 0 0    0.3303
0.67033 0.330765 0.328474 -4.96556 0 0    0.3293
0.671329 0.329768 0.327487 -4.96694 0 0    0.3283
0.672328 0.328771 0.3265 -4.9683 0 0    0.3273
0.673327 0.327774 0.325513 -4.96972 0 0    0.3263
0.674326 0.326777 0.324526 -4.97112 0 0    0.3253
0.675325 0.32578 0.323539 -4.97252 0 0    0.3243
0.676324 0.324782 0.322552 -4.97396 0 0    0.3233
0.677323 0.323785 0.321564 -4.97539 0 0    0.3223
0.678322 0.322787 0.320577 -4.97685 0 0    0.3213
0.679321 0.321789 0.319589 -4.97829 0 0    0.3203
0.68032 0.320792 0.318601 -4.97977 0 0    0.3193
0.681319 0.319794 0.317613 -4.98122 0 0    0.3183
0.682318 0.318796 0.316625 -4.98273 0 0    0.3173
0.683317 0.317797 0.315637 -4.9842 0 0    0.3163
0.684316 0.316799 0.314649 -4.98573 0 0    0.3153
0.685315 0.315801 0.31366 -4.98723 0 0    0.3143
0.686314 0.314802 0.312672 -4.98878 0 0    0.3133
0.687313 0.313804 0.311683 -4.99034 0 0    0.3123
0.688312 0.312805 0.310695 -4.99188 0 0    0.3114
0.689311 0.311806 0.309706 -4.99346 0 0    0.3104
0.69031 0.310807 0.308717 -4.99502 0 0    0.3094
0.691309 0.309808 0.307728 -4.99662 0 0    0.3084
0.692308 0.308809 0.306739 -4.9982 0 0    0.3074
0.693307 0.30781 0.30575 -4.99983 0 0    0.3064
0.694306 0.306811 0.30476 -5.00145 0 0    0.3054
0.695305 0.305812 0.303771 -5.00311 0 0    0.3044
0.696304 0.304812 0.302782 -5.00475 0 0    0.3034
0.697303 0.303813 0.301792 -5.00643 0 0    0.3024
0.698302 0.302813 0.300803 -5.00812 0 0    0.3014
0.699301 0.301813 0.299813 -5.0098 0 0    0.3004
0.7003 0.300813 0.298823 -5.01151 0 0    0.2994
0.701299 0.299813 0.297833 -5.01321 0 0    0.2984
0.702298 0.298813 0.296843 -5.01495 0 0    0.2974
0.703297 0.297813 0.295853 -5.01669 0 0    0.2964
0.704296 0.296813 0.294863 -5.01845 0 0    0.2954
0.705295 0.295813 0.293872 -5.02022 0 0    0.2944
0.706294 0.294813 0.292882 -5.02203 0 0    0.2934
0.707293 0.293812 0.291892 -5.02383 0 0    0.2924
0.708292 0.292812 0.290901 -5.02568 0 0    0.2914
0.709291 0.291811 0.289911 -5.02754 0 0    0.2904
0.71029 0.29081 0.28892 -5.02937 0 0    0.2894
0.711289 0.289809 0.287929 -5.03124 0 0    0.2884
0.712288 0.288809 0.286938 -5.0331 0 0    0.2874
0.713287 0.287808 0.285947 -5.03503 0 0    0.2864
0.714286 0.286807 0.284956 -5.03694 0 0    0.2854
0.715285 0.285806 0.283965 -5.03889 0 0    0.2844
0.716284 0.284804 0.282974 -5.04082 0 0    0.2834
0.717283 0.283803 0.281983 -5.04281 0 0    0.2824
0.718282 0.282802 0.280991 -5.04479 0 0    0.2814
0.719281 0.2818 0.28 -5.04682 0 0    0.2804
0.72028 0.280799 0.279009 -5.04885 0 0    0.2794
0.721279 0.279797 0.278017 -5.05088 0 0    0.2784
0.722278 0.278796 0.277025 -5.05293 0 0    0.2774
0.723277 0.277794 0.276034 -5.055 0 0    0.2764
0.724276 0.276792 0.275042 -5.05711 0 0    0.2754
0.725275 0.27579 0.27405 -5.0592 0 0    0.2744
0.726274 0.274788 0.273058 -5.06134 0 0    0.2734
0.727273 0.273786 0.272066 -5.06349 0 0    0.2724
0.728272 0.272784 0.271074 -5.06569 0 0    0.2714
0.729271 0.271782 0.270082 -5.06788 0 0    0.2704
0.73027 0.27078 0.26909 -5.0701 0 0    0.2694
0.731269 0.269778 0.268097 -5.07237 0 0    0.2684
0.732268 0.268775 0.267105 -5.0746 0 0    0.2674
0.733267 0.267773 0.266113 -5.07689 0 0    0.2664
0.734266 0.266771 0.26512 -5.07919 0 0    0.2654
0.735265 0.265768 0.264128 -5.08152 0 0    0.2644
0.736264 0.264766 0.263135 -5.08386 0 0    0.2634
0.737263 0.263763 0.262143 -5.08624 0 0    0.2624
0.738262 0.26276 0.26115 -5.08863 0 0    0.2614
0.739261 0.261757 0.260157 -5.09106 0 0    0.2604
0.74026 0.260755 0.259164 -5.09349 0 0    0.2594
0.741259 0.259752 0.258171 -5.09599 0 0    0.2584
0.742258 0.258749 0.257178 -5.09849 0 0    0.2574
0.743257 0.257746 0.256185 -5.101 0 0    0.2564
0.744256 0.256743 0.255192 -5.10358 0 0    0.2554
0.745255 0.255739 0.254199 -5.10614 0 0    0.2544
0.746254 0.254736 0.253206 -5.10875 0 0    0.2534
0.747253 0.253733 0.252213 -5.11134 0 0    0.2524
0.748252 0.25273 0.251219 -5.11402 0 0    0.2514
0.749251 0.251726 0.250226 -5.11667 0 0    0.2504
0.75025 0.250723 0.249233 -5.11941 0 0    0.2494
0.751249 0.249719 0.248239 -5.12214 0 0    0.2484
0.752248 0.248716 0.247246 -5.12493 0 0    0.2474
0.753247 0.247712 0.246252 -5.12777 0 0    0.2464
0.754246 0.246709 0.245258 -5.13058 0 0    0.2454
0.755245 0.245705 0.244265 -5.13347 0 0    0.2444
0.756244 0.244701 0.243271 -5.13634 0 0    0.2434
0.757243 0.243697 0.242277 -5.13927 0 0    0.2424
0.758242 0.242694 0.241283 -5.14221 0 0    0.2414
0.759241 0.24169 0.240289 -5.14522 0 0    0.2404
0.76024 0.240686 0.239295 -5.14822 0 0    0.2394
0.761239 0.239682 0.238302 -5.15128 0 0    0.2384
0.762238 0.238678 0.237307 -5.15435 0 0    0.2374
0.763237 0.237674 0.236313 -5.1575 0 0    0.2364
0.764236 0.236669 0.235319 -5.16069 0 0    0.2354
0.765235 0.235665 0.234325 -5.16388 0 0    0.2344
0.766234 0.234661 0.233331 -5.16714 0 0    0.2334
0.767233 0.233657 0.232337 -5.1704 0 0    0.2323
0.768232 0.232652 0.231342 -5.17375 0 0    0.2313
0.769231 0.231648 0.230348 -5.17707 0 0    0.2303
0.77023 0.230644 0.229353 -5.1805 0 0    0.2293
0.771229 0.229639 0.228359 -5.1839 0 0    0.2283
0.772228 0.228635 0.227364 -5.1874 0 0    0.2273
0.773227 0.22763 0.22637 -5.19088 0 0    0.2263
0.774226 0.226625 0.225375 -5.19447 0 0    0.2253
0.775225 0.225621 0.224381 -5.19804 0 0    0.2243
0.776224 0.224616 0.223386 -5.20172 0 0    0.2233
0.777223 0.223611 0.222391 -5.20544 0 0    0.2223
0.778222 0.222607 0.221396 -5.20916 0 0    0.2213
0.779221 0.221602 0.220402 -5.21298 0 0    0.2203
0.78022 0.220597 0.219407 -5.21682 0 0    0.2193
0.781219 0.219592 0.218412 -5.22072 0 0    0.2183
0.782218 0.218587 0.217417 -5.22465 0 0    0.2173
0.783217 0.217582 0.216422 -5.22867 0 0    0.2163
0.784216 0.216577 0.215427 -5.23269 0 0    0.2153
0.785215 0.215572 0.214432 -5.23682 0 0    0.2143
0.786214 0.214567 0.213437 -5.24094 0 0    0.2133
0.787213 0.213562 0.212442 -5.24516 0 0    0.2123
0.788212 0.212557 0.211447 -5.24945 0 0    0.2113
0.789211 0.211552 0.210451 -5.25375 0 0    0.2103
0.79021 0.210546 0.209456 -5.25817 0 0    0.2093
0.791209 0.209541 0.208461 -5.26258 0 0    0.2083
0.792208 0.208536 0.207466 -5.26712 0 0    0.2073
0.793207 0.20753 0.20647 -5.27168 0 0    0.2063
0.794206 0.206525 0.205475 -5.27635 0 0    0.2053
0.795205 0.20552 0.204479 -5.28105 0 0    0.2043
0.796204 0.204514 0.203484 -5.28587 0 0    0.2033
0.797203 0.203509 0.202488 -5.29069 0 0    0.2022
0.798202 0.202503 0.201493 -5.29564 0 0    0.2012
0.799201 0.201497 0.200497 -5.30066 0 0    0.2002
0.8002 0.200492 0.199502 -5.3057 0 0    0.1992
0.801199 0.199486 0.198506 -5.31088 0 0    0.1982
0.802198 0.198481 0.19751 -5.31606 0 0    0.1972
0.803197 0.197475 0.196515 -5.3214 0 0    0.1962
0.804196 0.196469 0.195519 -5.32675 0 0    0.1952
0.805195 0.195463 0.194523 -5.33224 0 0    0.1942
0.806194 0.194458 0.193527 -5.33779 0 0    0.1932
0.807193 0.193452 0.192532 -5.34345 0 0    0.1922
0.808192 0.192446 0.191536 -5.34919 0 0    0.1912
0.809191 0.19144 0.19054 -5.35506 0 0    0.1902
0.81019 0.190434 0.189544 -5.36104 0 0    0.1892
0.811189 0.189428 0.188548 -5.36705 0 0    0.1882
0.812188 0.188422 0.187552 -5.37321 0 0    0.1872
0.813187 0.187416 0.186556 -5.37941 0 0    0.1862
0.814186 0.18641 0.18556 -5.3858 0 0    0.1852
0.815185 0.185404 0.184564 -5.3922 0 0    0.1842
0.816184 0.184398 0.183568 -5.3988 0 0    0.1832
0.817183 0.183392 0.182572 -5.40542 0 0    0.1822
0.818182 0.182386 0.181576 -5.41225 0 0    0.1812
0.819181 0.18138 0.180579 -5.41913 0 0    0.1802
0.82018 0.180373 0.179583 -5.42619 0 0    0.1791
0.821179 0.179367 0.178587 -5.43338 0 0    0.1781
0.822178 0.178361 0.177591 -5.44065 0 0    0.1771
0.823177 0.177355 0.176595 -5.44815 0 0    0.1761
0.824176 0.176348 0.175598 -5.45569 0 0    0.1751
0.825175 0.175342 0.174602 -5.46346 0 0    0.1741
0.826174 0.174336 0.173605 -5.47132 0 0    0.1731
0.827173 0.173329 0.172609 -5.4794 0 0    0.1721
0.828172 0.172323 0.171613 -5.48757 0 0    0.1711
0.829171 0.171316 0.170616 -5.49597 0 0    0.1701
0.83017 0.17031 0.16962 -5.50443 0 0    0.1691
0.831169 0.169303 0.168623 -5.51315 0 0    0.1681
0.832168 0.168297 0.167627 -5.52208 0 0    0.1671
0.833167 0.16729 0.16663 -5.53111 0 0    0.1661
0.834166 0.166284 0.165634 -5.54037 0 0    0.1651
0.835165 0.165277 0.164637 -5.54979 0 0    0.1641
0.836164 0.164271 0.16364 -5.55948 0 0    0.1631
0.837163 0.163264 0.162644 -5.56932 0 0    0.1621
0.838162 0.162257 0.161647 -5.57945 0 0    0.1611
0.839161 0.161251 0.16065 -5.58972 0 0    0.1601
0.84016 0.160244 0.159654 -5.60032 0 0    0.1590
0.841159 0.159237 0.158657 -5.61109 0 0    0.1580
0.842158 0.158231 0.15766 -5.62222 0 0    0.1570
0.843157 0.157224 0.156664 -5.63365 0 0    0.1560
0.844156 0.156217 0.155667 -5.64525 0 0    0.1550
0.845155 0.15521 0.15467 -5.65723 0 0    0.1540
0.846154 0.154203 0.153673 -5.66939 0 0    0.1530
0.847153 0.153196 0.152676 -5.68198 0 0    0.1520
0.848152 0.15219 0.151679 -5.69478 0 0    0.1510
0.849151 0.151183 0.150683 -5.70801 0 0    0.1500
0.85015 0.150176 0.149686 -5.72147 0 0    0.1490
0.851149 0.149169 0.148689 -5.73546 0 0    0.1480
0.852148 0.148162 0.147692 -5.74968 0 0    0.1470
0.853147 0.147155 0.146695 -5.76443 0 0    0.1460
0.854146 0.146148 0.145698 -5.77961 0 0    0.1450
0.855145 0.145141 0.144701 -5.79514 0 0    0.1440
0.856144 0.144134 0.143704 -5.81123 0 0    0.1430
0.857143 0.143127 0.142707 -5.82768 0 0    0.1420
0.858142 0.14212 0.14171 -5.84482 0 0    0.1409
0.859141 0.141113 0.140712 -5.86236 0 0    0.1399
0.86014 0.140106 0.139715 -5.88062 0 0    0.1389
0.861139 0.139098 0.138718 -5.8993 0 0    0.1379
0.862138 0.138091 0.137721 -5.91885 0 0    0.1369
0.863137 0.137084 0.136724 -5.93888 0 0    0.1359
0.864136 0.136077 0.135727 -5.95979 0 0    0.1349
0.865135 0.13507 0.134729 -5.98129 0 0    0.1339
0.866134 0.134063 0.133732 -6.00373 0 0    0.1329
0.867133 0.133055 0.132735 -6.02704 0 0    0.1319
0.868132 0.132048 0.131738 -6.05112 0 0    0.1309
0.869131 0.131041 0.130741 -6.07633 0 0    0.1299
0.87013 0.130034 0.129743 -6.10238 0 0    0.1289
0.871129 0.129026 0.128746 -6.12977 0 0    0.1279
0.872128 0.128019 0.127749 -6.15815 0 0    0.1269
0.873127 0.127012 0.126751 -6.18806 0 0    0.1259
0.874126 0.126004 0.125754 -6.21915 0 0    0.1249
0.875125 0.124997 0.124757 -6.252 0 0    0.1238
0.876124 0.12399 0.123759 -6.28627 0 0    0.1228
0.877123 0.122982 0.122762 -6.32261 0 0    0.1218
0.878122 0.121975 0.121764 -6.36099 0 0    0.1208
0.879121 0.120967 0.120767 -6.40124 0 0    0.1198
0.88012 0.11996 0.11977 -6.44428 0 0    0.1188
0.881119 0.118952 0.118772 -6.4897 0 0    0.1178
0.882118 0.117945 0.117775 -6.53845 0 0    0.1168
0.883117 0.116938 0.116777 -6.59024 0 0    0.1158
0.884116 0.11593 0.11578 -6.64616 0 0    0.1148
0.885115 0.114922 0.114782 -6.70604 0 0    0.1138
0.886114 0.113915 0.113785 -6.77128 0 0    0.1128
0.887113 0.112907 0.112787 -6.84193 0 0    0.1118
0.888112 0.1119 0.111789 -6.91983 0 0    0.1108
0.889111 0.110892 0.110792 -7.00584 0 0    0.1098
0.89011 0.109885 0.109794 -7.10115 0 0    0.1088
0.891109 0.108877 0.108797 -7.20931 0 0    0.1077
0.892108 0.10787 0.107799 -7.33203 0 0    0.1067
0.893107 0.106862 0.106801 -7.47586 0 0    0.1057
0.894106 0.105854 0.105804 -7.64619 0 0    0.1047
0.895105 0.104847 0.104806 -7.85743 0 0    0.1037
0.896104 0.103839 0.103808 -8.12932 0 0    0.1027
0.897103 0.102831 0.102811 -8.51604 0 0    0.1017
0.898102 0.101824 0.101813 -9.16633 0 0    0.1007
0.899101 0.100816 0.100815 -12.0017 0 0    0.0997
0.9001 0.0998083 0.0998177 -9.2709 0 0    0.0987
0.901099 0.0988006 0.0988199 -8.53802 0 0    0.0977
0.902098 0.0977928 0.0978222 -8.11067 0 0    0.0967
0.903097 0.0967851 0.0968244 -7.80825 0 0    0.0957
0.904096 0.0957773 0.0958267 -7.57085 0 0    0.0947
0.905095 0.0947696 0.0948289 -7.37661 0 0    0.0937
0.906094 0.0937618 0.0938311 -7.20987 0 0    0.0927
0.907093 0.092754 0.0928333 -7.06499 0 0    0.0916
0.908092 0.0917462 0.0918355 -6.93531 0 0    0.0906
0.909091 0.0907384 0.0908377 -6.81875 0 0    0.0896
0.91009 0.0897305 0.0898398 -6.71155 0 0    0.0886
0.911089 0.0887227 0.088842 -6.6128 0 0    0.0876
0.912088 0.0877149 0.0878441 -6.52132 0 0    0.0866
0.913087 0.086707 0.0868463 -6.43529 0 0    0.0856
0.914086 0.0856991 0.0858484 -6.35476 0 0    0.0846
0.915085 0.0846913 0.0848505 -6.27809 0 0    0.0836
0.916084 0.0836834 0.0838526 -6.20567 0 0    0.0826
0.917083 0.0826755 0.0828547 -6.13617 0 0    0.0816
0.918082 0.0816676 0.0818567 -6.07004 0 0    0.0806
0.919081 0.0806596 0.0808588 -6.00619 0 0    0.0796
0.92008 0.0796517 0.0798609 -5.94498 0 0    0.0786
0.921079 0.0786438 0.0788629 -5.88564 0 0    0.0776
0.922078 0.0776358 0.077865 -5.82822 0 0    0.0765
0.923077 0.0766279 0.076867 -5.77278 0 0    0.0755
0.924076 0.0756199 0.075869 -5.71866 0 0    0.0745
0.925075 0.0746119 0.074871 -5.66619 0 0    0.0735
0.926074 0.0736039 0.0738731 -5.61483 0 0    0.0725
0.927073 0.0725959 0.072875 -5.56486 0 0    0.0715
0.928072 0.0715879 0.071877 -5.51577 0 0    0.0705
0.929071 0.0705798 0.070879 -5.46791 0 0    0.0695
0.93007 0.0695718 0.0698809 -5.42078 0 0    0.0685
0.931069 0.0685638 0.0688829 -5.37468 0 0    0.0675
0.932068 0.0675557 0.0678848 -5.32916 0 0    0.0665
0.933067 0.0665477 0.0668868 -5.28438 0 0    0.0655
0.934066 0.0655396 0.0658887 -5.24039 0 0    0.0645
0.935065 0.0645315 0.0648906 -5.19685 0 0    0.0635
0.936064 0.0635234 0.0638925 -5.15401 0 0    0.0624
0.937063 0.0625154 0.0628944 -5.11147 0 0    0.0614
0.938062 0.0615073 0.0618963 -5.06956 0 0    0.0604
0.939061 0.0604992 0.0608982 -5.02788 0 0    0.0594
0.94006 0.059491 0.0599 -4.98671 0 0    0.0584
0.941059 0.0584829 0.0589019 -4.94572 0 0    0.0574
0.942058 0.0574748 0.0579038 -4.90514 0 0    0.0564
0.943057 0.0564666 0.0569056 -4.86468 0 0    0.0554
0.944056 0.0554585 0.0559075 -4.82441 0 0    0.0544
0.945055 0.0544503 0.0549093 -4.78446 0 0    0.0534
0.946054 0.0534422 0.0539112 -4.74452 0 0    0.0524
0.947053 0.052434 0.052913 -4.70482 0 0    0.0514
0.948052 0.0514258 0.0519148 -4.66506 0 0    0.0504
0.949051 0.0504176 0.0509166 -4.62547 0 0    0.0494
0.95005 0.0494094 0.0499184 -4.58579 0 0    0.0483
0.951049 0.0484012 0.0489201 -4.5462 0 0    0.0473
0.952048 0.047393 0.0479219 -4.50645 0 0    0.0463
0.953047 0.0463848 0.0469237 -4.46674 0 0    0.0453
0.954046 0.0453766 0.0459255 -4.42681 0 0    0.0443
0.955045 0.0443683 0.0449272 -4.38685 0 0    0.0433
0.956044 0.0433601 0.043929 -4.34662 0 0    0.0423
0.957043 0.0423518 0.0429308 -4.30617 0 0    0.0413
0.958042 0.0413436 0.0419325 -4.26559 0 0    0.0403
0.959041 0.0403353 0.0409342 -4.22463 0 0    0.0393
0.96004 0.0393271 0.0399359 -4.18345 0 0    0.0383
0.961039 0.0383188 0.0389377 -4.14182 0 0    0.0373
0.962038 0.0373105 0.0379393 -4.09989 0 0    0.0363
0.963037 0.0363022 0.0369411 -4.05742 0 0    0.0353
0.964036 0.0352939 0.0359427 -4.01456 0 0    0.0342
0.965035 0.0342856 0.0349444 -3.97107 0 0    0.0332
0.966034 0.0332773 0.0339461 -3.92709 0 0    0.0322
0.967033 0.032269 0.0329478 -3.88237 0 0    0.0312
0.968032 0.0312607 0.0319495 -3.83695 0 0    0.0302
0.969031 0.0302524 0.0309511 -3.79086 0 0    0.0292
0.97003 0.029244 0.0299528 -3.74384 0 0    0.0282
0.971029 0.0282357 0.0289544 -3.69599 0 0    0.0272
0.972028 0.0272274 0.0279561 -3.64706 0 0    0.0262
0.973027 0.026219 0.0269577 -3.59712 0 0    0.0252
0.974026 0.0252107 0.0259594 -3.54591 0 0    0.0242
0.975025 0.0242023 0.024961 -3.49348 0 0    0.0232
0.976024 0.0231939 0.0239626 -3.43954 0 0    0.0222
0.977023 0.0221856 0.0229642 -3.38411 0 0    0.0212
0.978022 0.0211772 0.0219659 -3.32687 0 0    0.0201
0.979021 0.0201688 0.0209675 -3.26773 0 0    0.0191
0.98002 0.0191604 0.0199691 -3.20655 0 0    0.0181
0.981019 0.018152 0.0189707 -3.14294 0 0    0.0171
0.982018 0.0171436 0.0179722 -3.07678 0 0    0.0161
0.983017 0.0161352 0.0169739 -3.00761 0 0    0.0151
0.984016 0.0151268 0.0159754 -2.93518 0 0    0.0141
0.985015 0.0141184 0.014977 -2.85891 0 0    0.0131
0.986014 0.0131099 0.0139785 -2.77839 0 0    0.0121
0.987013 0.0121015 0.0129801 -2.69282 0 0    0.0111
0.988012 0.0110931 0.0119817 -2.60151 0 0    0.0101
0.989011 0.0100846 0.0109832 -2.50329 0 0    0.0091
0.99001 0.0090762 0.00998481 -2.3969 0 0    0.0081
0.991009 0.00806775 0.00898632 -2.28064 0 0    0.0071
0.992008 0.0070593 0.00798789 -2.15201 0 0    0.0060
0.993007 0.00605084 0.00698939 -2.00782 0 0    0.0050
0.994006 0.00504238 0.00599095 -1.84305 0 0    0.0040
0.995005 0.00403391 0.00499244 -1.65029 0 0    0.0030
0.996004 0.00302544 0.00399398 -1.41675 0 0    0.0020
0.997003 0.00201697 0.00299546 -1.11884 0 0    0.0010
0.998002 0.00100849 0 0 0 0   -1.0050e-06
