Sorted order: x, numerical v, analytical u, error epsilon, time own algo, time LU algo, LU solution.
0 0.0930702 0 inf 0 0    0.0931
0.00990099 0.176337 0.0843657 0.0863211 0 0    0.1698
0.019802 0.250726 0.159845 -0.56466 0 0    0.2404
0.029703 0.317072 0.227276 -0.928627 0 0    0.3033
0.039604 0.376135 0.287418 -1.17548 0 0    0.3593
0.049505 0.428601 0.340957 -1.35847 0 0    0.4091
0.0594059 0.475091 0.388515 -1.50131 0 0    0.4533
0.0693069 0.516169 0.430657 -1.61666 0 0    0.4924
0.0792079 0.552345 0.467894 -1.71206 0 0    0.5268
0.0891089 0.584082 0.500686 -1.79239 0 0    0.5571
0.0990099 0.611797 0.529455 -1.86096 0 0    0.5837
0.108911 0.63587 0.554578 -1.92016 0 0    0.6068
0.118812 0.656644 0.576399 -1.97172 0 0    0.6267
0.128713 0.674431 0.595231 -2.01697 0 0    0.6439
0.138614 0.689511 0.611354 -2.05695 0 0    0.6585
0.148515 0.70214 0.625023 -2.09247 0 0    0.6708
0.158416 0.712549 0.636471 -2.12419 0 0    0.6809
0.168317 0.720947 0.645906 -2.15263 0 0    0.6892
0.178218 0.727524 0.653519 -2.17824 0 0    0.6957
0.188119 0.732451 0.659481 -2.2014 0 0    0.7007
0.19802 0.735884 0.663947 -2.22241 0 0    0.7042
0.207921 0.737964 0.667059 -2.24154 0 0    0.7064
0.217822 0.738819 0.668945 -2.25901 0 0    0.7075
0.227723 0.738563 0.669719 -2.27502 0 0    0.7075
0.237624 0.737302 0.669488 -2.28974 0 0    0.7065
0.247525 0.73513 0.668344 -2.30331 0 0    0.7046
0.257426 0.732133 0.666376 -2.31588 0 0    0.7020
0.267327 0.72839 0.663659 -2.32754 0 0    0.6986
0.277228 0.723969 0.660265 -2.3384 0 0    0.6945
0.287129 0.718936 0.656258 -2.34855 0 0    0.6899
0.29703 0.713347 0.651696 -2.35808 0 0    0.6847
0.306931 0.707256 0.64663 -2.36704 0 0    0.6790
0.316832 0.70071 0.641108 -2.37552 0 0    0.6729
0.326733 0.693751 0.635174 -2.38356 0 0    0.6664
0.336634 0.686418 0.628866 -2.39123 0 0    0.6595
0.346535 0.678747 0.622219 -2.39855 0 0    0.6522
0.356436 0.67077 0.615265 -2.40559 0 0    0.6446
0.366337 0.662515 0.608034 -2.41239 0 0    0.6368
0.376238 0.654008 0.600551 -2.41897 0 0    0.6287
0.386139 0.645274 0.59284 -2.42537 0 0    0.6204
0.39604 0.636334 0.584923 -2.43163 0 0    0.6119
0.405941 0.627206 0.576819 -2.43778 0 0    0.6031
0.415842 0.61791 0.568545 -2.44384 0 0    0.5942
0.425743 0.60846 0.560118 -2.44984 0 0    0.5852
0.435644 0.598872 0.551552 -2.45581 0 0    0.5760
0.445545 0.589158 0.542861 -2.46178 0 0    0.5666
0.455446 0.579329 0.534055 -2.46775 0 0    0.5572
0.465347 0.569398 0.525146 -2.47377 0 0    0.5476
0.475248 0.559374 0.516144 -2.47985 0 0    0.5379
0.485149 0.549265 0.507057 -2.48602 0 0    0.5282
0.49505 0.539079 0.497893 -2.4923 0 0    0.5183
0.50495 0.528824 0.48866 -2.4987 0 0    0.5084
0.514851 0.518505 0.479364 -2.50527 0 0    0.4984
0.524752 0.50813 0.470011 -2.51203 0 0    0.4883
0.534653 0.497704 0.460606 -2.51899 0 0    0.4782
0.544554 0.487231 0.451155 -2.52619 0 0    0.4681
0.554455 0.476715 0.441661 -2.53365 0 0    0.4578
0.564356 0.466161 0.432129 -2.54142 0 0    0.4476
0.574257 0.455573 0.422562 -2.54951 0 0    0.4373
0.584158 0.444953 0.412964 -2.55798 0 0    0.4269
0.594059 0.434304 0.403337 -2.56685 0 0    0.4165
0.60396 0.42363 0.393685 -2.57618 0 0    0.4061
0.613861 0.412932 0.384009 -2.58601 0 0    0.3957
0.623762 0.402213 0.374311 -2.59639 0 0    0.3852
0.633663 0.391475 0.364595 -2.6074 0 0    0.3747
0.643564 0.38072 0.354861 -2.61908 0 0    0.3642
0.653465 0.369949 0.345112 -2.63154 0 0    0.3537
0.663366 0.359164 0.335348 -2.64484 0 0    0.3431
0.673267 0.348366 0.325572 -2.6591 0 0    0.3325
0.683168 0.337556 0.315784 -2.67443 0 0    0.3219
0.693069 0.326735 0.305985 -2.69096 0 0    0.3113
0.70297 0.315905 0.296176 -2.70886 0 0    0.3007
0.712871 0.305067 0.286359 -2.72833 0 0    0.2900
0.722772 0.29422 0.276534 -2.74957 0 0    0.2794
0.732673 0.283367 0.266702 -2.77287 0 0    0.2687
0.742574 0.272506 0.256864 -2.79854 0 0    0.2581
0.752475 0.26164 0.247019 -2.827 0 0    0.2474
0.762376 0.250769 0.23717 -2.85874 0 0    0.2367
0.772277 0.239893 0.227315 -2.89439 0 0    0.2260
0.782178 0.229013 0.217456 -2.93476 0 0    0.2153
0.792079 0.218129 0.207594 -2.98089 0 0    0.2045
0.80198 0.207241 0.197727 -3.0342 0 0    0.1938
0.811881 0.19635 0.187858 -3.09659 0 0    0.1831
0.821782 0.185456 0.177985 -3.17078 0 0    0.1724
0.831683 0.174559 0.16811 -3.26075 0 0    0.1616
0.841584 0.16366 0.158233 -3.37266 0 0    0.1509
0.851485 0.152759 0.148353 -3.51672 0 0    0.1401
0.861386 0.141855 0.138471 -3.71159 0 0    0.1293
0.871287 0.13095 0.128588 -3.9969 0 0    0.1186
0.881188 0.120044 0.118703 -4.48324 0 0    0.1078
0.891089 0.109136 0.108816 -5.83088 0 0    0.0970
0.90099 0.0982265 0.0989286 -4.94814 0 0    0.0862
0.910891 0.087316 0.0890396 -3.94468 0 0    0.0755
0.920792 0.0764044 0.0791495 -3.36152 0 0    0.0647
0.930693 0.0654917 0.0692584 -2.91166 0 0    0.0539
0.940594 0.0545782 0.0593664 -2.51758 0 0    0.0431
0.950495 0.0436639 0.0494736 -2.14191 0 0    0.0323
0.960396 0.0327489 0.0395801 -1.75682 0 0    0.0215
0.970297 0.0218332 0.0296859 -1.32981 0 0    0.0107
0.980198 0.0109168 0 0 0 0   -0.0001
